9619
7306
4639
7638
2139
6765
8933
4124
7317
7479
2409
7997
4162
8913
6269
7717
8898
1508
5263
9794
1385
3746
741
8503
2323
7959
4269
8966
5855
6294
3246
4566
8374
1613
1120
7870
9411
7499
2255
9899
6836
6378
8461
2680
3463
8036
5014
1018
7743
7927
6275
8182
8648
9918
6403
9815
9078
389
7465
3917
5544
5394
8889
5173
6681
5363
7634
7152
825
4500
9821
1660
886
4683
899
9314
8463
7581
3662
686
3859
7798
7441
9478
4251
2364
4386
3994
8251
7374
7727
4870
8632
8447
168
4437
1815
8928
9329
8224
7940
6016
9969
6604
5389
3054
2459
5781
9620
115
6869
4801
3267
4975
5669
7643
7999
7823
2386
8308
6117
543
1965
7158
9468
1766
8432
9162
2093
5373
2531
640
3535
983
5191
7476
7668
2774
2755
4668
4949
4244
3770
1673
8185
3404
7476
256
4729
4995
1183
9136
1741
4262
6508
939
5914
3184
3352
7823
9683
7269
5726
9849
4064
3281
452
6209
1294
519
9023
9567
8386
2334
5672
3991
6432
5719
4556
678
2765
8624
3615
118
3770
6766
7727
3160
5124
497
2244
9118
9423
6123
5107
171
4717
9479
2835
2419
2154
3862
5520
1613
8190
4639
6489
1214
5356
281
4751
3029
222
5812
1099
516
9576
9374
5707
8262
5505
7058
6680
2854
1755
5467
7615
4337
9417
7580
2664
6054
5395
2485
53
2730
3177
3857
7866
6417
5967
6785
72
928
7234
7180
7035
5623
3266
5973
3645
5865
646
9018
9303
4139
414
9343
9988
1693
1447
3683
2964
5874
6013
6862
4827
9413
8766
492
5438
5681
5507
1507
9386
7065
5642
1880
1380
3132
5441
8158
2383
5565
615
8623
3480
2686
9652
9253
3138
8214
8962
5392
2750
48
5809
1953
1896
2144
6093
8271
9429
5652
3206
2482
9624
3382
868
9691
3889
9327
2296
7710
3844
5314
9658
4098
466
16
740
7964
8979
4650
6612
949
422
5502
5270
1772
3712
2536
8654
6060
9664
2204
5053
5849
4991
2230
7637
274
7476
7147
7252
4077
2267
8761
5046
6171
4276
7009
2636
2118
9816
686
5225
7500
9244
6151
1246
9356
4804
5517
3842
3464
1084
7219
3511
2516
1807
8641
575
3529
8016
4918
7286
7044
31
1730
746
2686
2246
672
7854
773
4684
6368
8722
4934
3280
4344
6263
8980
9908
5619
480
1011
4469
5540
3698
1993
6884
9018
5017
2629
7630
6045
3626
6091
1343
478
5483
5401
5012
7212
8874
7909
3701
5003
9143
5379
8775
7048
5672
7431
8953
9321
8679
9073
8011
7951
3375
7295
9063
7007
566
3392
2495
8806
2192
5819
5557
180
9103
1746
3723
357
6484
815
4185
3830
4496
5723
5939
2157
1819
1644
5795
5484
7302
2486
605
5222
3031
4494
1481
6069
8666
6575
2468
5646
7552
1610
1833
228
6699
8689
2350
2564
7264
7384
7905
4137
3903
2241
7988
9146
4372
9617
4059
6499
8413
6943
7770
9155
1331
1915
9187
4397
4512
8530
1049
590
7990
4241
1486
8549
4799
4750
2849
6759
2007
4631
4011
9537
6954
5698
5758
3752
3517
973
3748
6857
9489
2417
5442
685
7195
1152
7517
6162
3669
4894
6529
1592
6547
2630
8039
1550
2112
5631
601
100
9359
3038
2692
4212
5702
8494
6096
3865
5531
476
534
2351
9245
6784
4378
6805
5524
3250
1116
2674
9467
2681
9782
234
3126
6172
2770
682
4408
8437
2130
7133
2086
869
325
3290
5383
2522
1194
2993
4303
1845
1399
4816
7339
4016
7938
2291
6037
2853
6151
5696
230
9649
7869
1194
1309
7685
9928
9589
7478
5243
7400
6108
1539
8699
9928
2485
3481
4619
8402
9449
7109
7736
9452
4950
9300
4534
5982
8464
9955
9918
4488
3043
6264
6874
127
7239
2867
9453
3306
7834
8998
2756
7237
667
7490
4855
6900
4471
3777
8371
3225
235
7670
2657
4154
3272
2432
3728
2763
9251
5955
3392
7702
5604
4250
4062
1464
4235
3317
4235
6179
6730
917
2791
4282
1933
2357
3156
7178
8014
740
5772
1910
3866
268
4107
6389
7292
194
5412
6457
6273
875
5520
8289
3578
1756
2632
6602
2766
4238
4386
2192
6207
3789
9544
6445
7692
5462
5210
5148
9907
779
7664
507
3223
3098
8161
3161
9606
5650
5398
5075
5388
4709
3322
64
1099
1260
2397
7420
770
803
9251
235
3475
5797
589
7481
2526
2134
987
2058
8226
3722
1911
9227
9126
6990
2531
3407
2707
5538
8240
6215
7151
3585
4415
826
7672
3327
7345
8571
417
7831
6002
7550
6464
4124
7084
8240
2833
6861
4343
8965
8710
2518
2714
8265
3942
7973
9020
966
1940
3929
7959
5885
5403
610
7881
5788
7125
8602
4598
8724
9480
8504
4289
3023
1135
6571
1110
1424
8019
3566
501
3050
1747
6145
4322
1600
6441
4597
8576
4200
727
3987
2189
2146
2087
6439
5458
6543
7147
7920
6022
1323
8955
3449
7637
5647
8407
5276
6481
4233
2824
2703
6249
2977
4587
1025
8018
5518
6777
6223
8930
5002
2337
1593
7557
5089
6658
6853
7779
9017
7177
5481
2987
8804
9585
2847
7324
2228
905
9229
2145
6119
503
1546
6179
953
70
1584
1043
4099
5122
763
9142
5304
1263
8253
3890
368
8175
8
5983
3400
4281
1397
6438
1422
8964
4760
3758
4596
9337
1586
9380
7036
2617
867
2377
3434
3066
1568
2135
8017
1000
6216
275
7834
9648
6621
9893
8682
808
1040
5340
1108
3697
3588
8338
4768
4881
7838
4121
5790
6799
8028
8702
8645
1817
5405
3963
2906
867
5888
2817
2601
7184
4360
2161
5176
2668
8055
1583
51
7074
1471
1767
3060
7400
4998
2233
9932
176
4303
1351
725
8932
2565
5936
6108
9956
4370
6721
7678
8866
5430
4669
8750
1731
2183
1151
8857
137
2414
9972
8949
1548
6549
5231
5338
7593
9524
711
3858
3941
1704
7620
1572
6102
7687
4858
1422
1731
6448
9484
2318
7779
5988
9501
6500
3018
1204
8743
5256
2424
5047
3146
7188
3158
4686
4905
2368
688
9466
6447
2810
3906
6666
618
6309
4211
5947
8381
3462
505
4963
2457
570
5726
8274
6978
283
1551
2998
1993
8232
6360
1643
117
9614
9118
9527
3836
4584
4628
5927
8076
7776
4416
7278
8858
4670
973
4067
3275
7767
7894
3767
2060
4441
4606
5824
7627
5712
3765
7115
1667
7486
5312
6384
3646
4622
823
1805
290
3848
1954
8235
5002
2999
2395
5762
9828
1496
2016
4663
3339
4617
271
3927
2623
3031
2731
6451
6651
7631
3695
9108
4842
5961
1823
8177
6076
5495
3672
6336
8045
7923
1896
8139
8449
1517
1119
9992
2874
4557
3998
7979
7780
9112
4907
8272
749
9826
9606
9186
2513
9176
6245
8486
4997
8042
5558
5849
5310
2217
4017
5070
306
9176
6995
5410
4098
7900
3434
4349
6074
7721
1681
3146
7626
3732
7979
9393
114
988
4105
6693
471
6526
6419
6392
6424
3220
2262
8421
6075
772
5618
2758
9957
3811
5891
4507
1245
3031
3551
1007
9732
1256
571
1487
4277
5229
9948
4842
3713
1952
4180
3865
7749
8727
3610
9214
9168
9268
9713
7246
5177
8961
6411
9590
8192
3493
5247
2272
9311
8526
8388
7883
920
9649
1111
4017
9607
5409
6633
9785
9726
6977
7541
1065
2790
9478
7424
347
8102
6600
16
4601
4662
519
2186
1302
1409
7122
1801
9717
2005
4454
2142
8517
9334
8687
7740
7009
5309
647
5434
2954
2899
808
3042
8201
5986
923
188
4777
2063
7854
207
3775
1407
7899
3410
3623
7365
2199
325
2977
2495
6451
7285
8560
8827
370
8077
475
2930
3939
934
4982
7324
6012
1629
5309
8266
268
6758
4744
5025
555
4241
4607
1550
4599
6755
5786
4361
5847
6951
5368
5854
5942
9073
7166
3355
9315
8856
1336
9040
8142
4925
520
958
3400
3037
2652
3922
1018
6578
212
3474
1081
9313
3555
3515
9686
6941
5129
6594
8262
4442
4195
5685
106
9144
5412
9386
8303
8987
3872
8079
4727
7785
814
1134
835
9062
5888
1292
7512
9906
7760
1793
6829
289
2127
5194
9407
9548
8720
3184
2838
824
9941
4865
4104
7138
6752
258
5705
9661
9663
6704
6203
655
5462
7709
2405
8514
9190
3341
6958
4655
8474
7546
4907
5625
3959
8183
1512
5634
5862
9344
2118
9578
2739
9774
4615
9594
4013
9470
313
9292
8646
3239
7631
4504
9688
8115
5694
9118
6344
9054
942
167
7559
306
1159
8784
888
2960
5968
5792
5093
5769
1672
9568
467
34
4585
1029
6717
979
3497
4882
309
2394
8691
3782
7433
907
9566
8420
5668
8818
763
1875
8664
3638
2140
607
8838
6771
1306
8163
9634
7082
4426
1204
971
2276
9882
629
7720
6463
4225
491
1654
4003
8930
5421
9636
7632
9763
1459
7522
5060
988
9726
2243
3673
5720
4788
8705
3350
3097
6591
7291
935
909
2391
3881
6284
1438
4858
8545
7373
9523
9396
8157
1861
4128
126
5274
698
9020
5480
9676
3538
8368
4517
3174
1701
8058
1910
3433
5302
5364
1618
2132
1639
425
9334
7243
9957
8833
7107
208
4082
6358
7296
7735
9400
9003
9249
8106
6218
4898
7070
8655
362
8352
3339
5854
8801
902
6495
6497
4028
4078
6471
8479
9281
3820
7769
5798
917
9411
4862
9375
3381
7852
2894
545
1504
8991
1448
9097
9835
9380
5926
6531
7362
1074
2743
6577
3244
3730
4010
3228
2048
9087
1946
6313
5432
207
8433
5416
1020
667
251
8026
8718
8791
9119
9874
2200
3868
5614
686
5079
3337
3697
6553
7538
8338
4906
5612
4762
87
7885
8144
8112
4221
4545
2817
6553
6390
7423
7288
6901
9078
8642
856
1713
4050
6849
4509
3928
6792
7009
3119
5968
3958
8210
8018
6427
7508
1422
1595
8503
1890
8425
7598
4641
7592
607
9757
2477
6103
1242
4342
535
4891
5942
6503
7005
984
2057
1420
803
53
1373
5360
9601
8121
4012
487
1034
8241
3366
6936
2528
7281
2042
6587
4537
1141
8903
9212
232
2954
5720
9254
3442
7399
105
1013
621
5070
750
6265
2347
3697
1143
532
9649
6011
6653
9989
6131
9243
7105
4758
2007
9208
299
362
4752
7982
6030
3179
9552
429
930
4006
5409
6180
8294
8339
4788
3084
2826
9032
9448
5983
7476
2415
3373
315
2770
7936
2753
2484
5416
8780
9587
8355
6626
5166
9604
1375
1415
4726
610
3750
6008
6645
9874
4367
715
5682
8942
4743
5016
6331
257
2682
5170
9499
1235
2133
4311
5885
2333
7999
2527
8444
5042
9213
631
8331
4430
42
2006
1965
4309
8997
3929
1357
3723
5308
2542
5720
9007
2117
7299
9202
6107
5724
6586
2448
1623
7926
4790
849
4196
1017
6254
1990
9214
3959
6763
8555
9249
4447
2258
813
9400
3324
2561
5649
3472
5918
331
9967
1121
2314
1158
2308
7371
3828
2398
1910
9988
4378
2095
2211
21
5226
8481
2999
1759
6268
7052
2643
3714
1597
7537
8377
5229
5958
9716
5359
8948
1691
2614
6502
7406
2032
7195
7618
2890
2218
1649
5828
491
7146
3270
7289
3180
5148
730
9382
7721
6243
565
8842
6833
1225
9792
1833
5336
2021
1015
8500
8381
9786
8603
4195
9378
2883
8490
4058
3683
6411
5420
1105
3111
7456
8434
8812
7247
1631
8922
5985
1577
4460
7798
7130
8281
8580
2042
7470
6490
3942
346
3119
3452
3505
7524
1733
7376
8872
5210
3230
6613
222
8403
9725
567
5472
8897
1341
7621
7972
1679
6742
119
5197
7643
36
3280
9954
9161
429
8489
1276
643
6704
2998
560
3642
2144
7021
1848
6234
904
1737
8814
5329
680
4879
1961
3885
1462
5240
819
7609
8521
8552
2013
8033
9583
2105
350
786
9625
1980
2078
6426
3215
6476
2523
7564
9638
5368
6654
2867
1680
4277
1387
8402
1936
2515
5514
5177
9484
8952
868
681
5913
1789
4079
3214
3939
7443
5786
2818
2131
8746
6788
5391
2458
5797
3174
8430
1586
4073
2980
5214
4318
2785
7874
6636
3756
3467
1422
1005
2788
4393
5206
3919
8461
1161
7225
7142
273
3090
6096
6611
1714
2620
740
8885
5218
2600
2104
9273
9411
8363
2951
153
7585
4809
7364
4949
8121
6704
1497
6211
169
5880
3748
2318
8700
1942
6338
4490
9153
1470
9280
6096
6771
4022
8076
6491
3143
6495
1488
1220
5073
5101
4567
8557
7862
7308
1067
7579
7816
9606
9356
4221
7658
2149
1794
1514
676
6570
4436
6294
34
3491
937
7573
8404
5031
5582
3361
4623
5170
7226
3043
2368
1530
5497
127
2951
5900
1104
2701
7551
9839
4311
6500
9034
4075
741
2137
121
4515
2679
8682
7641
1034
9970
3330
7213
5782
4666
8789
1735
8196
6332
9866
5381
9764
8607
350
6272
1476
2664
5037
3001
890
4234
1793
6842
1394
5763
7916
3411
7104
1008
4237
1592
5538
962
1608
6021
7713
9630
9042
2000
9079
1889
9698
8409
2309
7367
5612
5264
7959
1138
8127
517
8540
8684
293
4303
2760
7313
5044
7541
3757
2896
1030
4061
1942
7005
519
2024
45
1929
4465
4468
1784
4433
2563
7515
7820
1191
9532
9464
2855
4305
1514
1533
1318
3264
8836
1132
6790
4095
4202
9821
3616
5271
5537
4191
9028
2268
6714
815
4868
6219
1803
9855
8256
1386
2545
9338
8332
2438
2846
4554
8096
2299
4788
227
9791
3013
6549
5371
3391
5418
9789
5745
7366
8232
7526
5598
9768
9040
4594
7368
6712
5030
5582
357
2140
1198
7927
9364
9257
8965
4010
1706
5036
3512
8213
7125
9107
1442
4692
4269
1068
3229
8842
8694
9369
1373
5102
8899
8375
4223
6745
6685
6328
3856
4378
3547
5757
4595
6854
5375
2741
2840
2832
4459
1703
842
1166
383
9567
4977
9019
7667
7073
7447
2932
8773
8898
1049
9737
7505
3550
7016
4145
1005
154
5150
1742
6213
567
1272
9392
615
5671
7318
2232
6759
5975
8726
4102
367
7372
5578
2219
973
7147
8791
1182
3373
8313
9617
2274
2420
5812
6594
1714
8233
8619
8630
6729
4986
3078
9043
7308
6631
5536
3407
843
8031
8289
4308
5741
1049
3914
562
2254
1607
6317
3009
4317
1086
4742
4917
807
6432
4539
9113
5078
6585
4357
7252
4698
7754
3253
3468
615
6604
6143
9556
4978
5113
9966
9307
182
6397
5430
8646
452
8901
6547
8161
1648
95
7880
5127
434
393
9295
3006
4274
8525
8038
2686
5315
2021
3254
1849
8095
6152
2754
8892
2996
5975
6748
6267
9904
9185
5133
1040
8079
9774
8150
801
3548
7413
2149
4339
2205
5458
3591
1623
3787
5594
6639
4726
8542
5820
3056
6434
1971
1510
4172
3395
9992
5602
7453
1162
1962
7168
7428
5254
7572
1894
8207
1933
9452
4106
1443
5176
9557
7400
2212
6660
4451
2832
5580
8906
5346
8175
2120
5524
7679
2150
9712
6636
1904
7698
4860
2008
4799
4672
6096
6658
1443
180
7758
5844
7106
5172
3333
6055
994
1086
3940
5140
2911
2523
7085
6650
506
278
470
5837
2241
1278
3634
6442
3440
5494
8716
6824
8983
3052
4974
644
6849
5114
8606
6271
165
1326
971
128
7092
5594
6117
6147
4841
9884
7841
7787
9954
699
8331
3682
3017
7005
8673
7837
8801
4702
7984
5622
9016
3120
652
7036
6479
8669
9301
8990
3096
9555
8014
3631
1102
5024
3242
5129
7836
1963
7845
4450
9792
7929
8293
3102
1663
2741
6125
117
8885
7807
6317
2233
5022
2307
4593
3715
629
2010
4249
3845
9912
7645
121
5699
6933
5065
5755
8814
2856
7435
2225
8802
7606
8133
2971
213
3586
7039
186
798
8565
8150
7041
7434
1350
6075
9212
5883
9238
1365
2901
8987
5878
9178
4309
9784
6798
8943
3286
7377
9874
1772
3794
4353
3137
1748
1844
9660
9205
1210
8190
7121
8609
1932
2548
14
4258
8363
9133
9097
2881
9335
8071
8498
2210
2461
9814
1833
7404
9825
9577
3625
9940
8890
4576
5230
2924
5721
4018
9580
4689
847
7473
9453
152
4664
129
2820
347
708
8295
8449
4127
2826
7900
299
6975
9260
4397
1211
8541
7238
874
7151
5399
4652
9995
1910
9391
1932
1134
9696
1672
7621
9374
3679
5594
3617
6344
6626
2054
8217
2133
5955
8614
9336
8129
4923
9925
8197
1019
4974
2540
4815
9710
4627
5051
1325
4925
5239
2993
3558
4955
5387
3458
7996
391
433
5631
1485
8746
6291
6858
2073
4720
8998
6105
2499
5153
7499
4186
7359
4887
8462
3239
6016
4753
9623
9775
8328
6577
2765
4782
2782
5293
7901
7613
4079
1917
9439
584
7946
1174
7369
5904
1126
8200
8603
4503
7926
6025
7369
5436
879
3121
4530
7648
9802
7247
6088
2419
3334
2372
792
1290
981
6981
6699
8787
2743
658
1823
7276
4844
926
6566
9887
9364
1021
7362
9684
2260
625
3495
1147
4265
9824
5153
805
3515
6127
8282
5549
6572
7744
4788
6364
9583
3598
3840
7512
6523
8212
5507
6578
4945
7632
7157
3605
2799
4414
7235
7946
7436
3611
422
7234
5902
2976
829
6344
9306
3228
1378
260
1696
7186
2981
3627
4956
7284
5722
3554
4165
8135
9152
7106
8739
8151
9064
5048
164
9644
6871
5795
4524
2260
7281
1888
6499
7117
681
576
7093
535
7001
392
1718
8202
7625
1593
6328
5144
741
8225
4892
1674
7191
146
6400
7957
2805
5656
4922
5335
724
6197
2549
516
2108
7673
5114
3793
8471
2503
294
229
8547
2349
9605
5152
8304
5770
6333
2388
185
898
5185
7923
3652
5007
458
4285
1703
5313
719
8201
4145
3258
2843
6920
4386
5060
3408
3906
1370
6676
9127
8080
4093
1859
5220
6627
1396
8883
3561
6798
8640
2903
9795
5572
7106
2685
7061
2008
6300
5857
6567
523
2715
5654
8559
6411
9362
9020
6853
7206
8122
1122
3081
5314
8730
1545
9697
9533
2553
7926
8015
8481
8553
5147
6376
9792
8544
9628
447
132
4234
4385
7025
609
9088
7261
8653
4373
6027
2604
5078
3780
1434
7094
6020
4378
3916
7810
9170
6331
8655
7616
1687
4568
6388
948
1020
2507
577
3081
2043
9306
835
8755
2792
2318
4787
4835
3772
7067
8656
1209
1520
385
5421
8708
9191
3948
391
4345
2354
8026
5637
5589
7073
6638
4454
6560
6540
9619
7865
8591
6864
6244
7405
3012
9873
9051
1969
5166
6655
586
6218
4897
4355
1488
1173
7430
4294
1421
8258
5949
1223
2379
7351
4762
7493
2206
4034
4672
3955
103
6409
1671
6563
9926
8750
4329
6387
6231
5056
4552
5172
5774
4079
4009
2405
1695
5144
4204
3091
6493
6885
3791
6232
9524
9783
6971
5505
6569
5125
550
5011
7338
1499
5315
8250
4854
9885
8647
4847
3119
2664
7728
371
3490
9501
7401
1329
7723
695
353
4073
4560
8879
6675
162
5353
3379
4855
1458
9527
8890
2874
1468
4238
5231
4809
2500
2816
7788
9362
8667
1231
283
4042
7995
3868
3144
7671
182
3412
7536
2188
2411
8247
5796
1757
7403
6296
7187
6946
9283
9382
9436
5099
3900
4688
7611
1889
3702
3576
2002
1750
4463
164
9656
1013
8032
9863
3209
8528
5445
4981
9240
2538
2519
8902
7537
4367
8559
3486
1034
5859
2991
4291
9593
6915
7017
6206
1638
2720
6630
3370
8173
1623
9243
1623
2342
2673
363
5822
7322
7964
1915
1894
16
882
4156
8752
2762
69
6345
5105
67
7383
3082
8597
8148
6408
9315
7126
3769
7178
1814
1104
4902
4733
8107
9355
1774
5350
6470
3092
5208
989
7427
1942
2907
7247
7706
9512
5685
7067
748
2839
5010
1810
9464
1066
9512
6385
8099
9673
5562
193
5879
1906
2959
9294
6975
4082
9279
6290
8510
5989
4691
9480
8
6785
8341
7278
605
5006
5812
9447
24
2575
3705
6429
1127
2506
3999
7659
8676
77
5502
2557
153
86
1471
4590
3340
2238
8120
4749
9853
716
7307
6716
9758
8592
7138
4902
9097
3262
4779
8087
3444
9618
9624
4203
9655
6953
508
8872
3600
7201
6753
9713
7149
5138
9425
4492
7264
2999
6110
6388
269
4330
9454
8095
2765
6357
2063
9557
200
7329
336
1609
4478
8715
4954
594
7982
4299
2341
1080
9120
9624
2272
3986
5615
6830
2073
8588
5250
7380
6880
4878
2593
1942
1077
6272
7250
6265
4991
8734
5084
1840
2051
3021
7899
5327
4088
9490
7702
3152
6786
4467
4152
9459
5565
123
8274
2805
9444
7484
5209
3767
7972
3031
9119
5904
3096
7936
1285
375
6577
9279
1941
4143
2097
4892
9275
8689
3457
1137
3011
6564
4697
9626
7463
9496
5645
2312
4001
5350
8578
6368
369
2794
2137
8308
4144
6521
5807
6825
8741
5039
5621
8977
2790
426
2831
8860
6670
4075
4462
1636
21
265
1487
1928
186
9228
2296
3843
4227
5700
9398
7997
8811
8809
1981
4708
3042
7228
3938
1368
6718
9853
9070
3890
2528
784
2609
3459
5447
9302
8724
9137
5779
8743
4860
1339
1263
9026
9060
6868
1606
1761
5802
2834
5082
825
1237
5479
2333
435
180
2976
9498
7387
3298
3541
25
9315
6082
9339
6065
1893
7508
3932
9023
4053
2291
8773
7238
5456
850
6791
1402
4911
2501
1516
1728
9204
1289
6319
9781
7029
7244
5537
3497
7763
7117
1663
5567
4251
237
2467
1253
3778
569
3684
5861
2237
4506
8162
8742
771
5063
9313
1903
9229
4516
6866
9696
9914
5067
2610
3145
4390
5198
7745
6190
591
3269
4824
1698
5193
7736
3798
3237
3536
2288
7489
6995
2110
8762
2798
6254
4002
8726
5034
3797
9700
2087
1502
8735
9117
6981
3384
9953
1556
3327
4892
2044
4657
8419
76
8619
9515
7223
5202
5515
5128
8751
4439
3631
1699
8097
8235
4728
5159
3798
2031
8437
7656
4206
5851
6674
8994
6674
4654
2787
809
1707
934
5518
212
1909
7305
1502
6671
8100
5362
5683
3113
4217
9109
6688
3986
8095
4713
3521
8820
5262
1106
3187
982
6929
3644
5236
8721
5104
725
3313
840
6431
989
908
3232
135
5327
6863
972
1389
6
7189
5765
293
132
8040
169
6655
5577
1021
2820
7223
2280
6369
5770
2565
3278
1691
8354
4300
3799
47
9467
155
5461
5395
1671
5762
4177
9148
3311
9273
8017
8853
7118
7958
9770
7589
5031
5709
1750
1116
1339
8573
5604
8463
8429
721
5894
8031
1269
7180
3460
6890
1909
3808
225
5407
1644
9036
4755
46
4510
802
4465
3527
2816
2924
4112
3810
9895
2911
7493
3691
4719
3082
9194
8802
8590
8464
7961
4341
1638
7412
4264
5722
5680
1972
6954
4924
7955
8078
9525
1731
7660
2052
7474
8157
5369
3593
3358
2868
5148
2992
9783
2758
9992
4664
2295
6243
7598
7257
3166
7900
4043
4824
3905
4895
4677
9759
5295
3416
289
6294
2671
5345
5018
2036
3695
1762
8936
3352
2698
8933
1891
3083
2862
163
4797
7178
8897
6854
2513
8755
9710
5610
3130
8306
562
8293
671
7929
3891
1494
9905
846
9111
6390
3582
1472
3040
4289
5882
2472
7243
2796
968
5354
4080
4735
4744
1227
5248
6855
1048
4517
6113
9532
3170
5288
7083
4539
3935
8147
8731
8474
8465
5708
3260
198
1594
5785
6398
454
1847
2747
7849
6626
4367
9279
2577
2964
4212
1165
7386
9471
677
8916
6925
738
7463
2480
7997
3530
1385
3794
3628
1792
1267
1422
4040
5603
5115
1144
1595
2661
5825
6708
3972
8782
2896
6999
6072
8276
1839
1312
8183
3178
3556
1678
807
194
9421
1038
9932
820
870
5824
9905
982
9722
6170
3573
7029
5732
6512
4175
6194
9316
5308
4772
7461
8081
7468
1517
611
1029
8840
5528
9890
4221
9050
3332
587
2680
6505
9705
5357
3302
3132
4894
1319
3357
4470
7296
7602
1700
3532
5869
5513
3070
7832
3545
794
5608
5662
9360
863
9587
9365
4678
9914
9237
6474
3966
3986
2934
2604
5286
713
408
5837
2016
1118
3748
2835
2764
1031
5649
2828
6520
7031
6784
6667
7332
9351
4039
9239
6964
3188
1322
7918
4949
3564
4332
9193
5518
9225
7270
6582
1703
2895
6908
2914
7910
9844
7837
4462
9792
3337
5015
3044
9092
2392
5922
1167
6399
4154
2369
1892
6327
5496
4096
8462
8791
697
525
4419
245
2236
9487
6348
4967
3979
2486
3180
5151
1313
524
8758
6074
4021
3587
1199
5818
8413
1635
9102
754
3416
2504
806
3362
5745
368
2364
2627
5565
2188
7070
2695
9158
2263
1212
9101
8364
325
5184
2794
3285
2148
8099
5480
4225
8383
3883
5762
7168
4849
6255
4979
2586
2638
1477
2826
5397
5044
4107
5054
3149
7706
2105
2664
6602
8442
2463
8930
5916
8172
3089
3498
6863
5997
5651
5128
9142
3604
1451
2474
3978
4260
3691
6703
6545
6972
5356
3249
9186
7502
9961
7742
4258
1740
7312
2997
7926
5664
4690
6453
629
8818
9730
6835
9193
5193
2012
1519
7751
5845
7792
4728
3889
2586
4163
2480
4679
5580
5048
2428
3370
7268
8582
9571
4880
5462
2080
8102
3975
1712
6587
6518
1280
2701
930
9087
3538
2205
5208
9268
3290
9423
3444
9961
232
90
5135
1514
9405
8310
9312
4194
864
2855
8300
9081
8657
4244
8761
3214
9506
8761
7402
2339
9824
3656
4164
67
3439
1614
2957
2146
9778
4111
2521
4050
1746
4526
3496
9662
3660
185
844
553
703
5209
2440
1211
6973
6016
796
7898
6327
8474
986
4958
877
4560
9221
8804
5285
2478
7548
9406
8466
203
8262
6022
5673
1274
8061
4671
6814
7082
467
2063
8788
2169
2743
3447
723
3919
3643
1650
9088
7496
3081
6225
4361
6766
1200
4349
8604
8564
2608
7678
3626
3680
5824
3903
2021
3624
4678
9967
4977
8104
932
9012
7636
5636
9931
2789
6557
2059
4329
1734
3843
1572
6538
7272
2781
2319
2500
7940
4014
1245
9714
5948
8696
1323
5657
178
7743
9382
828
2708
4344
9026
2517
5344
7493
6093
1022
268
8698
9250
2915
5323
5601
7239
3800
6199
9890
8503
561
7233
2347
4742
7465
1821
8624
1498
5714
6898
4677
6691
3667
2083
4091
2527
2891
9705
3169
8258
6181
2485
8312
9271
4557
2653
5430
6284
7097
4651
4064
2081
849
2141
630
7353
1170
2296
7861
5142
1919
1174
6275
9395
7292
6183
7464
839
7373
3861
4795
8335
1930
3240
4568
7226
448
1540
7143
6508
5051
9622
3413
5999
8323
143
1496
5057
7092
1382
8027
7558
5726
7159
6908
9564
8968
5916
9937
1767
9463
9113
1796
8971
5387
6990
9803
9288
2193
1289
3041
5849
2139
3458
1030
2523
1965
2674
9031
4370
9382
7403
662
4233
7119
7170
8322
5632
4257
121
7940
5679
6125
9500
7784
6096
7403
6606
2829
8012
7590
5573
8911
225
7599
6390
4496
8769
1753
7379
2526
5431
9226
263
8158
6542
7941
5379
5550
8600
2759
1628
2389
5627
4814
1628
2350
3422
3787
9674
2539
2193
28
359
7072
600
5246
7559
5351
7934
6373
1805
7267
6116
7913
2971
1281
5381
4118
7950
9353
6005
9088
8530
1590
4535
5745
742
106
6505
3684
7507
4808
6471
4591
1613
9289
4466
7895
7188
4339
6776
4907
7941
6251
4121
2554
9364
1121
7657
6214
9854
5549
9543
8685
4988
7964
4367
9752
8334
4292
3458
3058
8638
2394
4017
5885
2292
5810
729
4751
3323
3880
6005
775
5033
2147
1623
9828
5629
6269
3208
6768
7865
6542
9158
1719
7993
2499
3199
4482
7593
5743
8426
2082
4498
5182
319
3881
9746
4482
5345
284
5752
202
4799
4219
6083
2746
8532
3225
7190
3643
8073
6784
1244
9583
8003
7650
5500
6199
5766
602
2530
7348
9719
3949
4064
3972
9463
1897
4257
8273
919
2425
463
9782
5105
1040
2319
6122
7056
2872
9267
7330
840
1408
542
3385
763
2110
9488
2886
4825
9427
7412
8127
416
778
9076
7783
3519
8943
4105
9942
4899
3766
7555
2426
2361
1570
2329
1898
5458
368
9676
350
9386
9131
332
9510
2437
9139
8814
8774
5272
9400
4867
3494
3360
5342
2466
336
1864
1560
1220
582
6612
9721
6724
4744
3598
9940
2790
4467
9737
1322
2925
260
8567
9002
6043
4583
3761
5331
3459
4123
4529
8872
2337
1482
1216
7595
5675
1947
9376
2552
7574
8546
3347
868
5259
2785
6486
8603
2495
839
4285
3718
7373
3925
3288
7317
7483
9646
8424
4650
8097
5444
4381
249
8487
9268
6697
3348
2864
6956
3412
8133
5885
1232
512
6721
3067
9051
5993
558
5839
8776
584
980
2563
6741
8413
7700
2855
1413
9114
73
2738
2581
3948
8491
9531
4638
6900
2067
1891
7784
9597
3014
718
9591
9462
7517
361
156
3910
7925
2754
470
9915
6741
2990
7903
6097
8570
2058
2352
435
6641
3589
5986
2402
4397
6698
9860
1173
8722
3091
5137
99
4532
5136
9239
3611
8309
6066
9574
2598
9601
9393
8348
9594
6751
9927
5545
7702
3408
8677
1960
3832
1368
6206
6300
794
6177
9397
8414
9775
1885
1537
8108
9097
7449
6704
7585
3654
4455
3663
3152
5268
8239
1524
1554
8926
9565
1951
9290
1138
1571
873
2197
7773
5314
2176
8673
3308
9692
5438
9807
3173
6174
4624
840
5128
4951
6039
8832
9798
3451
7024
8196
1895
1738
3139
7177
6133
2933
213
2211
3269
2711
733
6200
5023
5425
5863
695
8176
8829
1455
7683
3834
2641
6560
9782
2752
3305
986
1638
3445
1921
4204
1001
3386
3968
5290
9542
9345
7344
4845
8007
1152
9613
7080
1091
6678
5162
5832
5562
8321
1753
708
9862
6410
241
124
7630
8286
2700
3154
6489
8880
9472
7118
7932
9234
4130
2121
2052
2721
8015
6514
7554
3154
5733
9478
7740
2687
6207
5885
2462
8013
3659
6323
4304
2429
5096
3912
3652
1395
1589
689
5850
8533
9916
8779
6554
8632
1769
9828
1582
552
4255
7861
770
4388
8683
5295
9656
5351
2098
7868
6814
5409
4441
8880
2302
2453
3651
4643
6858
1305
5566
7362
5737
5443
8833
5755
6026
3187
8522
2183
2588
8148
835
7985
6345
9034
5551
501
8072
2389
8454
9453
148
619
2335
279
7433
7084
5831
1973
9841
4710
4946
5005
4821
9272
8488
275
5860
7642
6610
9818
6142
7038
4809
5863
5577
2646
636
1622
5099
6184
3749
3387
8158
2735
5124
3366
8265
1617
5670
4052
7586
8194
7877
6625
7273
5200
5014
837
731
8088
677
2526
8392
4965
9060
674
5836
9819
3560
5484
65
877
6888
7471
4318
9872
2024
8523
3693
4702
4522
2249
4262
3491
7348
8552
6682
5347
5740
762
391
8945
9516
9646
7539
1821
8059
9454
9705
8555
4606
3796
1081
790
8461
2623
7652
5950
8464
5490
6564
2047
1469
4156
3702
9836
6188
8894
4937
4842
4637
6680
2537
5263
5107
759
4115
1389
2387
989
3451
1805
590
5718
9274
4947
739
8924
4304
1068
3252
1194
7175
7647
8294
2938
1633
9450
4667
1308
9186
5835
5908
2468
3621
6875
1
3264
105
9827
1706
9247
8716
8063
4177
3557
6148
6289
9787
916
4448
2510
4542
7114
3880
6829
8573
1428
7557
9409
7048
2929
6458
7005
6641
6841
8681
8914
4162
8617
4183
8309
1667
8820
5953
5827
7462
9312
6474
5755
1542
2382
6241
7533
6119
4877
967
5910
3280
9133
3316
2722
156
9855
6288
8323
6794
5082
44
4472
752
2556
6605
7305
9971
2548
3989
949
9522
1221
3746
9023
4557
531
7280
6084
8084
1525
1684
4255
4696
2784
958
2327
6440
3893
9055
4925
9830
1210
4005
1151
3650
461
7434
1226
6
2198
8289
1923
8353
3274
5218
5175
9137
8420
9359
812
8637
2611
8624
7051
4182
711
3931
9694
5947
3972
6621
4203
5226
6337
4867
5830
7697
5384
5440
7922
4311
1698
661
906
7001
5498
1861
8325
3423
2533
1441
5502
6424
7883
1924
9777
611
5895
7629
6143
989
160
9272
8423
2795
3930
6553
6619
2225
5391
2236
3667
3310
6839
3320
8520
3097
5728
6221
4879
498
4132
3198
203
5653
1317
5991
7284
2485
377
3757
5863
5965
4616
6332
5130
532
7155
7628
1079
2623
6694
5059
9424
5546
5255
5858
4962
1674
6934
9613
2960
9739
1464
6660
4342
6200
4359
4734
479
1078
7708
7070
358
9782
6900
8165
6596
9526
1340
7597
8992
6502
9454
4825
6836
6465
6865
9535
2203
1108
6136
2459
8854
19
9861
2654
7407
7460
7706
9049
4109
3278
4325
6724
8007
6993
6342
3537
1913
9965
1750
6665
1168
6425
2671
7599
2662
3439
3627
2059
1078
467
2621
7092
1385
3220
2463
2162
3224
9656
6137
7986
6709
4287
9110
411
4145
3158
4711
6785
788
9642
8736
3463
2489
2626
4672
3859
4406
7860
4535
3088
1285
2002
3193
4829
2392
3171
5338
2074
7726
3987
9969
2196
6707
3576
9058
9640
1614
434
3659
3329
2514
3223
8442
3739
9150
6568
9899
8125
4028
721
9916
2851
7939
4106
9898
6114
9144
9762
3648
3964
3705
6807
9722
4936
925
795
3299
5126
6173
9763
7388
4613
8431
2481
9629
545
7953
7276
3345
3241
9983
3295
2178
8194
9967
9324
1629
5872
178
4492
6986
3170
5076
3752
8743
6226
798
3468
2968
7883
8842
4614
1657
4605
6518
2988
15
1546
6398
2790
9629
9197
6387
2642
2014
4520
8790
1418
9207
9558
241
1410
6572
6204
3542
7024
4035
8318
2983
9500
5461
748
3578
5227
5160
9558
8010
4959
9337
5428
9328
6427
856
7829
7633
4296
8581
6928
404
1233
1169
162
5920
3150
9300
154
1256
6058
560
128
200
2155
9025
9417
488
9874
2975
9349
1530
8282
6935
129
6249
5230
8721
2166
1275
1889
166
4565
6350
7679
2997
9594
188
7958
7009
7127
6222
1868
7893
2256
5547
6494
7126
7307
1733
8222
2021
9651
9119
1019
3621
3086
9158
9001
6790
9964
4372
7564
266
8717
7608
9251
3101
9324
8132
9021
3823
6272
2706
642
654
5127
1270
1028
4900
8474
7470
2741
7234
1812
3987
3957
4719
3464
5724
4016
5244
3433
8721
7257
7394
7898
5782
4138
546
2524
4764
1244
8284
2717
5845
4556
6457
4448
9564
2259
4382
1940
5832
3252
2324
84
9587
3106
9787
3744
8466
2352
5030
3152
4204
7486
3576
4403
5951
4865
2010
4973
5928
2926
4360
2007
6101
8164
5757
3819
1004
6451
1072
6869
5754
7259
6674
972
5112
4356
2357
9794
7348
7483
7000
8243
6963
2249
3168
8706
3105
2591
9342
5578
726
6234
1554
4576
2630
2250
5320
615
9097
8853
4184
4509
6870
9044
2383
2704
552
3765
5794
9471
2266
8845
4147
5162
1338
5648
6955
1904
7994
8575
2159
1263
1909
7824
5587
2470
1931
8971
5916
2995
58
1159
6627
3705
8689
6427
6611
232
4945
1469
7022
1487
2616
1238
2335
1946
2450
1359
3417
998
919
2573
7112
5856
3027
3421
4588
7210
7653
7935
6627
8723
3971
4205
2850
5939
4074
5293
2275
850
8145
265
4905
1299
3200
6646
3064
1777
6222
5350
5283
8888
3392
2609
1722
6013
2362
4643
4149
9871
3064
8158
4265
2069
7527
481
3386
8642
9764
6235
1378
2875
7232
1360
7836
1921
3643
8056
7611
800
5509
8397
3023
8962
972
3356
4428
28
3290
8357
4570
9857
3400
253
4950
8522
2066
221
2678
3103
4716
1535
8755
9968
5267
9787
4248
186
4360
4608
1697
5248
5645
8649
6726
5116
5393
8737
111
8176
2686
1247
8057
2756
4920
7090
4157
2695
899
4656
7350
6933
7517
1069
9195
986
6345
4100
3236
7894
4100
3153
9013
3067
4260
557
4633
4488
7129
4591
3808
3967
5642
4257
743
436
1597
4861
4328
7483
4128
4424
1714
6967
9236
9854
6264
9561
942
1225
1970
8157
9923
7069
5468
5602
4440
3111
5825
6061
2249
3923
8788
9555
7766
5964
1944
4049
5333
9012
6541
2750
6778
266
5600
9131
2048
29
7551
5693
3642
5709
3109
2202
9131
1074
8815
5462
9650
4160
7104
5479
3256
7857
3513
8159
2645
6466
364
4557
7797
6303
2646
3082
4838
8758
9648
3328
2024
8705
2370
7962
9500
2075
6321
7449
2642
2992
3839
8431
8764
3427
4982
6625
7196
5574
8118
7060
5434
2280
2362
2490
5996
3352
2955
5261
7207
8937
6262
5484
793
954
7842
5104
1291
1224
7869
6696
1276
909
9764
1506
2548
4440
6234
9331
4903
3452
2647
2473
5310
4430
2848
4646
4876
2999
5097
2615
6454
6633
261
4028
142
8668
1558
9925
3221
5783
6230
1503
5281
160
9719
295
862
4007
8754
1215
4193
3603
8425
9752
7033
2135
365
4610
2157
404
6151
9557
3876
5547
4193
6646
8814
9364
7235
5519
6657
2562
7400
3811
7938
1915
4768
2502
66
4773
6556
9027
9048
6179
3722
7471
7547
5547
7521
8322
137
7980
7992
397
9265
5072
792
1637
3022
4309
9218
7398
7480
6647
4057
1878
5826
9916
1823
1417
5459
6407
3563
3078
1114
641
6736
6260
4752
5930
4317
4881
8617
2123
8845
5643
7467
6422
7734
6674
6387
2348
5521
7931
4633
8874
7507
8405
5288
5953
6980
1135
6400
89
7111
8543
3640
4470
3979
9975
6996
6026
3559
1704
8548
6104
2361
1827
9029
35
8965
9608
1574
6331
4104
5393
454
1333
2188
2751
3287
7002
3873
4757
6987
9705
5795
3281
8358
7388
3006
7283
2341
5040
4118
8162
3766
3914
4461
5026
5122
9362
5953
6422
89
5264
4252
996
8251
8756
9892
9886
5693
3011
9654
5908
6703
4001
1590
2327
8734
7017
599
6735
6124
8973
2450
8813
9774
98
840
4349
6011
3086
2771
189
910
8140
8519
641
7646
6836
716
5532
2733
6420
371
8938
309
9662
8997
3559
2751
4663
7166
6927
3372
5399
5249
6964
162
4027
8308
7619
5883
9102
4512
358
4162
6202
1080
6880
3417
9906
7607
2700
7044
4024
8059
6379
2567
2123
9982
3994
5821
5742
45
7274
4345
6419
9264
2017
9281
4245
8916
2108
5847
9994
4746
3320
9166
9465
6280
1887
3573
275
8228
4629
4788
5788
9804
4306
6185
2269
1053
2213
4455
4653
8561
647
7882
854
217
6141
4280
2366
786
7567
7276
3181
1306
6496
5462
2242
2147
6265
3762
1990
7976
3691
4923
411
9468
9531
3327
8938
1169
871
3301
6252
3416
7333
4671
4928
4334
9776
9125
9414
8413
2649
3378
3051
6938
3156
6267
1954
7152
5350
3813
8528
947
4650
9103
2617
1634
7557
5653
1550
3488
1908
2000
8018
5486
6181
1566
1156
3719
8831
2694
2653
6318
5661
7411
4569
4429
9330
2597
9752
7396
6382
3751
1743
2298
3643
8703
4517
2811
1763
1674
634
323
6454
2175
1135
3131
1272
1150
7612
5170
3840
1132
9006
5233
4558
4600
9044
3284
7425
4252
8430
6839
2358
7143
951
7359
9298
231
3096
474
4447
7694
3125
7804
7983
2845
7181
6058
6849
9575
9855
97
2004
196
9765
3048
6792
5331
479
7943
9423
5603
6909
6424
3232
6517
197
4109
1876
9579
6010
9181
2760
3792
516
9028
1650
828
5242
3167
9958
8532
3987
9971
1792
2478
8023
9845
5283
208
7598
6021
8478
6424
3776
9362
5010
2023
5897
4492
4448
6671
8657
9641
3194
6562
6803
5276
4908
857
3361
8428
9426
3037
4796
3682
4651
8785
9670
5290
1014
8141
8618
4606
7554
5324
8463
1381
2689
5947
8722
214
5832
7678
8392
2133
3263
4466
3637
6583
1638
6871
6687
749
857
1599
3552
8795
3947
1042
3276
5781
3422
9394
8489
3976
9491
3998
7208
3404
6253
4449
9801
1995
5345
3890
4874
7517
4158
7606
4399
9533
8638
5455
4710
8802
494
5250
4795
2637
3585
7256
2946
2372
94
4196
6520
8736
3926
134
6945
6465
9869
7337
3738
2228
3654
8345
4749
274
9518
7632
5522
959
8644
5317
4280
2976
5396
6470
4125
7058
8554
41
4239
2062
307
7358
995
1835
5454
5479
8560
1383
9423
5734
7345
4681
5380
9590
8785
464
5459
6632
3246
1683
1722
5858
7622
3442
6814
1
7857
6350
9124
2635
9673
3416
70
6918
526
2721
7919
8362
9337
4216
911
4202
1319
7074
8794
1184
1649
7055
1437
6051
329
4703
183
4640
1033
8393
3378
9186
3008
4174
1116
6695
7661
5488
4259
5484
8633
5693
7661
8565
7049
3966
6558
1163
3047
6690
9157
3880
9707
7840
3736
1108
1060
70
1391
552
7486
1379
4749
4512
4535
7301
344
6813
1958
2563
7709
376
8085
1899
468
9077
4024
6793
4073
1997
3257
7863
8194
5698
801
9081
8193
5570
3813
7542
554
1227
9666
8454
126
6473
751
170
9195
3114
3251
1432
8768
9437
6659
4306
3799
6821
5932
8262
9104
1781
8125
3738
6649
5948
1915
995
4931
3742
811
4871
7038
7983
6744
5880
493
5233
430
3986
1793
6858
556
8989
7842
4274
7591
6198
1145
4057
8423
6162
3114
8480
9475
3773
3230
8434
3986
9120
9339
8493
660
4680
6926
8045
8000
6413
6648
4749
6442
2271
5561
3807
6196
5742
2360
8514
6441
2843
2062
1710
7142
2985
1460
2882
6527
443
5059
4359
3538
7219
9787
5330
5685
9620
816
7363
6401
9940
2543
9754
6396
9744
2307
6716
7176
3386
8211
6729
1746
1195
602
7851
8879
956
812
2083
2448
7347
8920
1600
2434
795
5888
9500
9734
2949
6355
383
7212
376
5764
8645
1268
6385
2340
5698
440
7374
4151
1749
2060
3928
7137
8965
5571
8591
600
9377
5486
4229
4969
3508
9226
7668
8654
6240
7122
7264
6885
4772
7395
9932
5216
2759
8032
4547
4630
2329
1225
6410
7769
5418
4105
583
4435
9423
936
7262
7965
324
3617
331
2855
4638
2446
9022
5618
1466
3144
9664
7353
4397
7051
5380
1420
8427
9609
7287
7504
7329
9224
7664
6971
4074
8569
5361
5888
7821
707
2501
3123
2976
2434
3885
3168
1171
1924
1652
7426
6889
7937
8384
9751
2434
2632
4826
2439
2453
1322
5278
5271
5083
4582
1011
1713
2829
9010
6449
6722
9107
5568
4637
3674
8648
1937
7981
7789
1389
9444
1912
4686
1775
3949
6676
8193
6136
168
4742
9623
6550
9407
281
372
5403
9415
4032
4431
889
3760
9434
3650
9099
2579
4294
1074
420
5293
4028
4498
4884
4914
9528
5080
8867
8556
8080
7052
3095
5416
4492
2749
9520
6743
6995
5477
8123
6851
3928
9052
6887
669
2321
8681
9347
2090
8318
1560
4421
9331
1162
9512
3519
9036
487
2210
9659
5822
5843
5022
7549
2323
3820
5770
4411
3012
4224
1812
4229
6238
7425
790
6132
2117
3300
9787
4982
4658
8355
2945
8172
789
7204
8638
5187
4841
8403
837
4224
2224
8108
7206
4375
425
907
9000
2018
5547
9954
5643
605
6380
5547
7291
3040
7124
9047
58
9173
8815
2267
6457
4345
4378
9708
664
4853
7890
3190
6742
105
3682
8688
1666
6027
5196
2994
9751
2398
5826
2015
1637
764
1839
7415
7273
3317
9053
4176
342
1460
462
2816
3554
4198
2534
2244
7929
6048
9734
9912
1060
6170
2130
6855
6318
6056
8463
9586
6207
7207
2966
5192
1393
4931
1991
6986
1622
1108
8185
2922
8185
9376
3701
183
7777
7535
6291
5155
7251
897
5883
4239
8106
6365
299
5575
4891
2399
5325
9324
9179
8204
6935
3881
1132
9489
1714
3841
8341
1365
4586
4590
3686
224
339
1093
665
2755
5409
330
3350
6484
2152
3475
9961
4139
3116
2445
743
3491
8860
5966
6829
2310
2853
9192
4850
8172
3435
9960
5293
1863
8761
5932
5556
1917
7175
4093
6740
3105
9926
9855
7008
6028
7442
7135
7986
2849
2709
6905
7299
3307
64
1494
4267
1913
5768
7381
7596
8680
2644
8190
7539
8763
3387
9522
3706
1248
3480
9330
7245
7720
790
364
8862
3052
9839
9689
2231
6252
9561
3229
7206
4904
9155
2966
4910
8201
6822
122
9202
9241
8971
9825
3865
7173
4143
2198
7531
336
1878
9065
3325
5127
5149
3959
3261
8273
802
8119
4761
7029
3586
4498
3229
445
7108
5102
622
4484
9784
9589
3375
8666
4952
1329
6196
2104
612
2683
1549
3554
7082
5178
3116
9794
8377
3929
6472
8894
1793
4395
4813
4413
8419
1149
4780
5412
8551
1670
6113
8396
7931
1282
2509
1889
9939
9000
5797
592
3452
2346
7773
7778
2904
6421
7864
1442
8375
5502
684
1732
1021
9453
3996
5622
3279
3444
6648
7947
4927
7562
8652
9174
5565
1449
4814
9552
3271
7538
3324
9440
6035
496
6578
9242
7347
8133
3816
3561
7769
8845
147
5341
1674
4375
2911
7377
4804
8732
6230
8908
7122
3870
5627
3342
1892
7146
2685
6822
6571
8531
6275
9689
3793
8709
3422
629
2727
6311
5259
7507
7795
8045
4054
2504
2913
6728
2915
5188
40
9085
476
1775
3842
6728
5290
9356
371
3375
654
4652
7506
3393
4073
7749
7264
3337
1584
2239
5382
6099
1510
2836
3874
2461
3812
1583
5534
1518
3208
1238
761
4381
8128
7618
1064
7224
3927
2541
1198
5990
1102
8383
4923
4912
5026
2704
9616
1179
8815
7227
7196
7961
9581
9195
9302
1427
2384
1613
699
6555
8060
9717
7534
1648
5072
405
206
3210
6393
6254
644
7296
1074
8309
9351
5949
6946
1156
4674
6794
9314
8650
7780
2933
4883
2580
1575
2780
5795
6202
8816
305
3562
1057
4791
473
577
4138
3844
554
6195
2384
9441
3602
3794
1062
2639
162
6785
4859
6369
1376
5911
4167
9605
2803
5653
9642
2014
1404
12
332
4755
3033
7118
3106
4473
3018
4880
168
5674
8695
8803
1574
4485
4320
8129
8298
6433
2143
8151
9304
5989
9122
62
8810
4820
2352
6961
7373
7161
8566
3779
4955
2438
2030
1166
3195
8684
2087
6377
5703
239
3949
9848
1981
2716
6805
7886
8938
8651
5120
7597
6926
9472
1986
7957
6196
210
4858
8265
45
3465
6791
594
9630
2458
8084
1015
497
7094
3266
3266
4841
114
5322
8278
384
8756
5518
746
6433
1566
1158
4634
2748
6121
7749
1795
3176
6477
1274
3678
6702
2174
102
1485
2598
8616
8118
5127
2633
7292
2281
6585
6404
7662
1850
4119
4159
4682
7978
5757
8486
8223
8027
4015
9698
959
6111
9829
4452
7379
9486
5871
5787
260
6441
8337
7417
4579
7376
2171
7672
6991
901
5653
1135
3132
702
1872
8166
7504
2902
8610
8948
515
180
833
9380
1954
5509
3230
64
887
8314
4925
445
1950
8920
6747
4858
6562
9259
4131
8622
9727
3211
9833
786
647
1990
9075
1271
1236
3820
7668
2328
956
2223
5295
6046
9774
5167
8950
2140
395
9024
1226
1445
9969
9362
7086
1823
5206
6913
6647
5121
3445
5888
9997
5003
5662
3521
2551
3520
9719
7020
5158
599
6214
8473
6002
6139
9911
3327
3502
7905
3554
264
4519
8418
2573
5457
449
2344
2039
1747
2236
1447
3778
2068
8956
4848
4676
9939
6730
9808
8257
8145
7360
4016
538
7408
1706
1616
6900
4573
5673
9710
6903
4361
9556
9226
7747
8911
7184
9623
6212
2039
485
8937
149
7132
3060
2981
505
2430
6402
4820
6368
9310
110
7301
7615
9806
7312
3698
7095
7125
9985
7636
6850
336
5413
6758
7940
5440
8484
1849
2467
4226
4259
1325
7322
8032
9192
4517
9383
7255
675
4300
7477
4907
5456
2565
1667
5870
4954
4454
3669
801
7813
5907
8394
6128
4858
1335
6998
9552
9474
9230
3193
5568
4495
7467
4216
6449
9400
3450
3817
8138
1920
272
8527
1628
3078
7099
2566
7327
3171
1689
4977
5260
7782
9242
4808
3503
1066
1301
4331
8277
3877
3646
7368
8565
7951
5206
4981
3708
4058
6450
3170
1926
9813
5670
9912
6296
6813
1302
1106
281
4390
979
2698
8078
8031
3739
3763
330
497
1398
8671
1035
2314
7481
6226
3303
5592
6536
9949
3311
4847
5244
2735
4575
6699
1252
3633
4963
3141
3381
8338
6741
2626
8022
1002
6501
6536
2109
5613
1512
192
6096
9096
900
4946
9537
7887
7574
902
6281
6451
715
748
4593
6539
6925
1942
7508
8815
2955
2721
3219
7026
4267
6423
4607
4827
3891
4982
8222
3911
5885
3837
4782
5532
7190
4806
8112
1415
6570
9273
6092
9428
2774
776
759
1574
4610
2709
6530
1454
7382
6289
4574
8830
592
389
6863
8944
4418
7948
2051
7478
3669
1705
5986
3705
8161
9442
5454
2023
7685
259
4014
6783
3876
9610
1743
4996
8701
5101
3245
2019
6579
4637
7893
5864
4273
9696
2677
8499
7662
55
8097
5853
207
13
2704
1725
1468
3078
5596
5326
2294
1025
9168
4901
4447
303
9790
6694
6096
316
2133
2089
5044
3667
4574
3162
5297
977
7034
756
6564
2802
8946
7795
86
2090
8888
6092
5711
5386
3957
2778
9248
5071
1459
2855
7228
4893
1967
3756
7849
2374
7371
5027
7578
7337
1030
9486
8397
5069
3648
5448
8990
1398
2675
6979
2151
5745
8332
8034
2459
404
5354
7419
870
4581
5613
4005
7443
9488
9594
4926
6773
7882
850
3779
4703
3535
7773
3834
6340
2657
2066
5914
9081
4350
6554
4772
7804
3691
2014
2586
6045
3998
1575
4453
1931
9083
4304
7984
5155
3941
2165
3743
6404
5225
555
6471
623
7690
2618
7451
249
7324
2101
6861
190
203
1902
2231
6238
3788
4295
5046
5104
6534
5159
5492
6132
6448
3999
4591
6849
5380
2966
1361
3327
9111
303
9687
4116
6054
4783
6890
2024
3798
5076
1456
3523
2730
5451
4852
512
6173
6937
4643
668
1204
1661
8187
3249
7828
6374
3990
5060
1561
3175
8225
1652
368
4914
4282
5735
2979
1065
1309
55
875
7602
5521
455
3536
9604
7126
8054
5202
9854
8683
4904
5268
7055
4722
9459
6036
9938
1172
605
9014
7096
6422
4880
7853
1932
7594
78
3733
5446
8153
6544
7232
7464
7367
4987
6885
8056
2070
2491
4611
1312
5242
1404
7693
4536
3613
2044
5680
1962
5774
4671
9815
8970
6036
8570
6716
2552
7630
9402
7821
6114
6185
1038
8360
3424
1048
5760
1819
7266
2575
8400
1364
4514
4563
2524
2784
721
9242
4404
4617
3802
3529
1783
3193
7042
606
6262
5458
9767
2997
9083
5136
4599
3757
8036
1207
1221
1030
400
3404
5807
8075
1675
810
7125
4817
3682
4630
2247
7370
6050
1696
79
4458
2662
3471
4102
4334
2316
182
7328
974
6514
540
6423
9005
695
6368
5685
7092
3697
652
5772
9031
6928
7993
1220
3933
4005
2346
2356
5272
3991
6405
3791
8337
1754
1760
5648
1099
2056
5928
4021
827
2939
1159
2943
8940
6289
7693
6696
8120
3697
1211
235
768
1841
4293
4742
9061
4737
6753
1010
7120
7155
1810
8410
6166
7505
4060
3577
2094
3532
3662
5973
3463
9878
6843
3307
9545
3018
1600
1825
5729
9530
4779
5626
297
9775
6235
4987
9656
7879
5645
8985
6167
9580
4338
9869
7296
8591
2529
6368
7235
1526
2227
7912
4989
5617
9059
6552
2411
7536
8457
9625
1915
8572
7493
703
1985
1145
2993
754
5101
7570
1834
2062
4001
95
5461
4968
9418
9951
9427
8927
6130
7306
7566
4822
618
1508
1444
9172
289
7232
3028
2499
4056
6459
2198
4490
2381
3580
6403
8002
3599
5047
6455
8344
9150
4151
1831
6141
8066
5463
8405
1452
4925
9372
8871
1664
1589
2638
4112
1235
461
7463
1381
7543
4653
8849
2513
5445
1602
453
5181
2303
3970
4320
4930
934
3124
1397
332
1316
1906
9688
3331
8943
2236
4869
2625
567
8293
8968
8
8883
3313
5651
3454
5749
1170
2669
9490
2986
6546
5807
8997
7879
2667
8493
1561
676
1185
6009
2220
6622
9909
1468
3392
4134
5455
1928
3166
155
3519
82
4082
3493
21
2880
9827
2436
497
6285
3
1889
8449
5040
9617
2377
2414
1721
2430
8034
483
8589
1787
9854
2623
6223
5146
1061
7718
2468
1930
5547
8778
5031
4919
7223
3642
6463
7804
8323
427
1517
8182
6588
8501
5187
7226
2283
2222
4976
3249
7821
2485
5804
401
2147
3460
9921
5874
5243
8547
3456
6119
8208
3934
2649
602
699
1877
5954
4998
4876
7398
3510
5601
9193
5019
1279
1448
3764
9614
7394
7088
9409
9487
9942
4671
1557
1914
4077
2084
8370
2068
1988
4955
7697
3926
2260
6330
355
8995
1031
1758
6602
1993
6987
843
6008
7352
5982
7269
2722
7874
1568
5667
5575
6900
4733
7302
9043
9603
8265
163
7849
5032
1030
9751
7219
1246
4843
9685
7252
6525
8793
9248
4510
755
4136
7743
7543
396
9356
2421
2681
5716
1313
8938
5609
1346
9735
8550
4558
7014
1823
8176
2641
3752
8087
8736
9295
9401
8072
724
2745
4686
2786
9424
3924
5787
564
8471
9803
3636
8906
3698
298
9854
5213
522
8199
2929
6955
7923
511
9544
7288
5973
8280
6438
4895
7555
3164
1192
701
4580
4443
9259
1765
655
1663
9519
4333
9632
4905
3843
7185
3823
4136
3972
6552
3957
9732
751
3514
2286
7254
7203
4480
6241
7798
2480
2712
77
5133
5979
7653
755
1303
7566
4266
1748
5733
7988
1707
6804
8517
8803
3129
8558
7344
108
4017
5160
7908
144
6191
2182
5692
6808
1487
8981
5932
2454
3727
5258
9451
3705
3730
4333
3304
7691
9608
7341
596
5304
8620
2371
5435
7915
3450
4883
6480
2904
600
1140
1508
3448
1143
5187
3190
2694
2558
6384
1292
3787
9309
4914
5564
9674
5385
3591
5110
9377
3674
9533
1199
9513
4752
5199
3400
8880
1371
444
2925
1006
5816
2724
9757
3943
5357
9818
5236
7376
7822
9112
264
1985
1241
3483
9175
2296
6664
1101
7317
65
1149
7882
4646
1232
8597
7170
7329
19
5648
4470
1006
5798
4349
7256
3087
4419
6655
863
8794
67
6195
8473
3903
8322
6862
4443
4665
5012
8767
1398
6259
2941
5546
1285
5288
8234
1975
7257
2893
8461
5463
8029
3598
2026
1873
9350
473
8921
9022
913
6251
9253
4347
4865
403
8883
5756
1517
47
547
3919
7215
8207
2344
8481
2973
7959
3564
3998
9625
5218
4456
4513
5279
8093
9681
9304
9658
3270
4311
2691
4220
7608
656
1208
8169
229
2924
1137
8448
5157
4137
8433
2731
3364
8885
7161
6178
3450
7539
6065
6107
3153
9952
8130
1575
826
4107
623
6188
2895
2675
9680
2175
4606
4739
3813
3357
1692
2206
5747
9093
3950
5205
7677
5659
775
2833
4624
7286
5508
5517
9975
2613
7815
9939
2223
7543
1707
6184
3567
4943
7033
3193
2699
1109
7120
2587
5106
2315
9570
1382
9586
1321
6733
5777
4514
3435
275
951
311
9229
5896
6858
6233
4505
911
471
4485
3632
5814
2409
6705
8278
8359
9887
5650
4136
5151
346
3364
6646
2890
3044
8326
7583
217
895
2007
4351
9947
943
2648
2066
1636
7960
9043
6521
932
5981
9637
9023
3181
6695
8145
1957
3100
6627
7349
9125
3580
6910
3562
9821
2798
9918
9159
4347
8076
7771
9482
4557
4455
6440
6354
5402
420
6435
9844
1105
1962
1614
5804
5447
5334
9214
1359
2332
7086
9348
7234
105
2403
6915
8968
9438
4581
4239
5169
719
5895
4773
7386
956
5372
8581
2998
7398
2990
145
1831
7416
3127
6372
177
1708
470
9038
2052
6091
583
9781
9028
1564
6429
1969
1414
8781
7406
6490
715
8268
691
5700
4786
7053
8057
3027
4199
8426
8784
3620
6239
2612
4941
7838
8723
3320
4735
9595
6638
1388
6116
4414
6259
8486
1971
6756
4364
4751
5056
9729
5605
3049
8467
2510
4980
2362
2745
6309
8558
4811
2117
6804
880
2917
8960
7684
4324
8045
2540
2794
8053
7615
7859
703
4837
8742
2764
8430
3196
780
7616
693
6829
6521
6369
3619
5883
1286
6548
8432
1962
4064
5673
6237
8464
4233
6187
330
1860
1489
2817
3045
7443
8098
1408
665
957
5790
9308
1432
7115
7904
5949
1360
5174
3212
9774
6833
4316
6425
8167
6428
1516
4346
3848
2749
6959
6743
2840
41
2330
2428
3793
7449
7382
5807
7846
3499
6244
6783
8417
528
4512
7623
5517
9447
272
388
7976
4094
5023
1217
3747
8443
9529
6395
529
1639
8792
2937
4380
774
3976
1577
9209
547
8201
7290
623
1574
4900
9908
1870
5133
145
7697
4057
6140
4049
2616
6085
820
2498
5600
9945
1363
5777
8698
68
9852
4935
7464
880
3249
4382
6263
2304
9984
4723
4700
6256
2935
3265
3779
6142
5994
4843
4189
535
8276
1262
6336
5895
2322
8953
1245
8694
7644
4350
7744
5149
1375
7928
6735
5602
2812
5634
9046
6612
9412
7606
8931
9650
6792
968
7935
1135
8083
4848
8654
1358
1884
4023
3653
8354
8292
264
5123
9771
5243
3475
4606
3087
6372
1595
5900
5939
6250
3769
9231
661
7725
1870
5240
4564
479
7120
6064
8536
434
1771
2166
6065
4883
2912
4851
784
6443
8669
1361
3740
8848
9854
4517
8885
5885
9346
2401
6364
591
7716
9582
2478
9873
8376
6612
2739
34
2884
7892
8488
5774
7421
8224
3055
825
4987
5643
7573
590
1781
4470
8522
717
9548
9208
641
8380
9808
8185
703
6746
2626
9602
4848
6226
4108
7333
7834
8978
4917
4801
6330
9664
3433
8020
5683
4840
1048
8699
4166
7120
6342
6375
9480
2550
9163
5693
405
5293
185
6197
52
5831
662
3534
8958
6066
7858
9800
8702
3492
1256
4936
7794
1751
3571
9837
208
2381
2132
5560
2427
738
1321
2536
6137
2606
8806
5991
9520
6238
2087
6
1629
8489
8827
8983
647
3617
4806
2912
1306
2378
8970
8270
1252
9738
7710
6
9132
9733
6541
4158
5556
5772
6286
2239
5341
4054
831
4533
727
2156
1016
8194
7069
1259
9101
2003
1300
3123
9489
3889
9161
2483
2777
6110
1537
9443
1480
7821
1702
8678
4989
4014
178
9148
95
5858
6202
8279
9544
9766
4735
7966
7634
7943
1492
5791
9273
9613
4252
3282
8804
6061
4977
6772
3427
6830
7963
3020
4479
9488
6528
5617
4648
2025
9352
2092
729
3347
7755
9584
8894
6311
7550
4500
8298
8267
717
3138
5042
9604
9782
8000
1572
6586
8352
4133
4888
7225
4566
2852
3928
6350
8753
7422
8409
9775
1873
6116
9401
9382
3332
4863
2823
1143
3627
954
9186
1148
2534
9188
2074
9366
9646
891
9114
8221
4848
2017
3011
2898
5674
6788
3180
9216
8229
7319
3554
106
2089
2403
2557
261
462
2279
1844
7007
9797
3744
604
2041
2747
3057
1680
6082
6536
4655
4436
8958
5775
7635
2889
8294
125
4107
1434
5731
4640
945
7256
1129
1258
6908
6005
7948
6174
1513
7910
8118
7235
7041
8592
4505
6032
6139
8132
9567
7025
7153
842
5876
8763
2665
9086
6072
8587
1929
7212
3401
4387
7737
833
4868
7849
3294
4241
4089
4993
6088
8037
5702
1561
7636
3383
8423
5415
2329
4143
1602
9836
1108
5730
9694
906
4048
5078
7712
6131
4437
3117
7930
8119
2814
2771
1498
1828
4497
146
1073
6391
3436
6711
4007
196
3660
4754
2521
8674
289
9004
2865
7048
7383
7666
3523
676
1167
846
5617
1989
3493
8539
2295
9036
716
5168
3168
3472
3622
4550
9367
8425
3921
5624
2411
7902
5767
6886
9662
2189
7409
3724
5601
6668
849
4863
6600
3384
739
8204
9982
3080
5557
9874
5406
3935
4585
6789
9057
6245
5307
4302
5855
1887
198
1983
107
6922
3611
5303
5768
1550
5827
7022
5687
9729
6359
4195
9292
2535
5391
5227
6718
1929
6296
4360
2384
2100
1390
7861
1630
4542
937
577
9513
7203
3258
1715
5503
2368
3630
5081
872
8953
954
9588
1103
5564
9320
9165
9717
6416
7959
1377
8236
4604
127
1457
3946
4450
4130
5771